0.388580 0.352322 0.259098
0.510214 0.234329 0.255457
0.334891 0.276484 0.388625
0.465887 0.282162 0.251951
0.403664 0.420761 0.175575
0.192854 0.396857 0.410289
0.273763 0.407376 0.318861
0.292824 0.262896 0.444280
0.169039 0.381575 0.449386
0.342284 0.313345 0.344371
0.500000 0.000000 0.500000
0.375000 0.625000 0.000000
0.000000 0.500000 0.500000
0.375000 0.625000 0.000000
0.352845 0.405687 0.241468
0.241866 0.521588 0.236546
0.332326 0.250037 0.417637
0.316861 0.449689 0.233450
0.255541 0.418751 0.325708
0.313761 0.365223 0.321016
0.323087 0.361965 0.314948
0.245708 0.370525 0.383767
0.334432 0.376380 0.289188
0.356897 0.329007 0.314096
0.308842 0.345873 0.345285
0.362905 0.355711 0.281384
0.271328 0.356545 0.372127
0.283649 0.301051 0.415300
0.329545 0.329865 0.340590
0.191436 0.442079 0.366485
0.366993 0.222900 0.410107
0.350436 0.350123 0.299441
0.363897 0.252079 0.384024
0.136695 0.538687 0.324618
0.127360 0.564977 0.307663
0.174084 0.364014 0.461902
0.352256 0.297450 0.350294
0.384123 0.235604 0.380273
0.447324 0.166035 0.386641
0.486025 0.168362 0.345613
0.462602 0.343372 0.194026
0.439650 0.230658 0.329692
0.270840 0.392888 0.336272
0.269012 0.374795 0.356193
0.444730 0.246149 0.309121
0.000000 0.000000 1.000000
0.408765 0.371852 0.219383
0.275152 0.383005 0.341843
0.466406 0.218088 0.315506
0.000000 0.980000 0.020000
0.239586 0.335142 0.425272
